((("NotImplemented" .
   [0 1 0 0 0 0 0 0 0 0 0 0 0 0])
  ("forms" .
   [0 1 0 0 0])
  ("imp" .
   [0 0 1])
  ("django" .
   [0 0 1 0 0 0])
  ("fcntl" .
   [0 0 1 0 0])
  ("None" .
   [0 1 0 0])
  ("self" .
   [0 0 0 1])
  ("__init__" .
   [0 0 0 0 0 1 0 0])
  ("__construct()" .
   [0 0 0 0 1 0 0 0 0 0 0 0 0])
  ("public" .
   [0 0 0 1 0 0])
  ("function" .
   [0 0 2 1 0 0 0 0])
  ("Function" .
   [0 0 0 0 1 0 0 0])
  ("var" .
   [0 0 1])
  ("class" .
   [0 2 1 0 2])
  ("len" .
   [0 1 0])
  ("fwalk" .
   [0 1 0 0 0])
  ("fork" .
   [0 0 0 1])
  ("import" .
   [0 0 0 0 1 2])
  ("String" .
   [0 0 0 1 0 0])
  ("test" .
   [2 0 0 0])))
